./data/dataset/train/0.jpg 212,3,277,64,0 92,292,180,378,0 302,98,366,161,0 
./data/dataset/train/1.jpg 146,272,211,333,0 348,181,396,228,0 
./data/dataset/train/2.jpg 304,86,409,184,0 94,266,159,327,0 
./data/dataset/train/3.jpg 88,41,188,139,0 219,151,267,198,0 
./data/dataset/train/4.jpg 76,114,132,169,0 185,233,245,292,0 284,323,356,394,0 
./data/dataset/train/5.jpg 87,252,174,333,0 180,67,264,149,0 
./data/dataset/train/6.jpg 11,207,81,272,0 192,286,272,365,0 
./data/dataset/train/7.jpg 40,149,100,208,0 310,253,371,310,0 195,11,251,64,0 
./data/dataset/train/8.jpg 48,359,100,410,0 160,61,264,163,0 
./data/dataset/train/9.jpg 247,226,299,274,0 11,319,71,378,0 
./data/dataset/train/10.jpg 15,231,80,292,0 128,345,196,412,0 
./data/dataset/train/11.jpg 232,228,284,279,0 24,27,98,96,0 
./data/dataset/train/12.jpg 108,181,186,254,0 16,89,68,140,0 313,323,369,378,0 
./data/dataset/train/13.jpg 120,168,184,231,0 22,78,102,157,0 189,243,241,294,0 
./data/dataset/train/14.jpg 194,149,266,220,0 269,270,343,339,0 54,25,130,100,0 
./data/dataset/train/15.jpg 3,285,130,404,0 183,106,299,220,0 
./data/dataset/train/16.jpg 220,231,280,290,0 94,101,190,195,0 
./data/dataset/train/17.jpg 27,181,95,248,0 342,33,398,86,0 
./data/dataset/train/18.jpg 84,350,140,405,0 209,247,297,333,0 300,86,392,176,0 
./data/dataset/train/19.jpg 176,144,272,238,0 35,252,139,354,0 
./data/dataset/train/20.jpg 277,339,321,382,0 132,124,210,197,0 17,55,82,116,0 
./data/dataset/train/21.jpg 177,130,298,248,0 
./data/dataset/train/22.jpg 49,199,149,297,0 
./data/dataset/train/23.jpg 143,110,239,200,0 27,214,83,267,0 322,298,392,363,0 
./data/dataset/train/24.jpg 232,221,316,303,0 41,70,155,176,0 365,4,409,47,0 
./data/dataset/train/25.jpg 329,49,397,116,0 173,275,273,373,0 4,219,56,270,0 
./data/dataset/train/26.jpg 336,50,392,105,0 80,153,136,206,0 180,257,228,304,0 
./data/dataset/train/27.jpg 100,254,170,319,0 290,52,394,154,0 
./data/dataset/train/28.jpg 222,190,282,249,0 61,282,153,372,0 
./data/dataset/train/29.jpg 65,174,181,288,0 190,42,234,85,0 
./data/dataset/train/30.jpg 63,5,119,60,0 362,269,414,320,0 172,160,259,241,0 
./data/dataset/train/31.jpg 188,204,249,261,0 22,92,106,174,0 312,36,364,87,0 
./data/dataset/train/32.jpg 304,54,396,144,0 135,319,183,366,0 
./data/dataset/train/33.jpg 282,206,369,287,0 
./data/dataset/train/34.jpg 229,146,305,221,0 92,251,168,326,0 349,98,393,141,0 
./data/dataset/train/35.jpg 204,135,269,196,0 4,277,56,328,0 
./data/dataset/train/36.jpg 189,267,257,334,0 79,159,144,220,0 
./data/dataset/train/37.jpg 220,278,288,345,0 79,111,157,184,0 
./data/dataset/train/38.jpg 143,274,191,318,0 241,48,289,95,0 26,98,126,196,0 
./data/dataset/train/39.jpg 136,130,240,232,0 85,308,129,351,0 
./data/dataset/train/40.jpg 296,216,372,291,0 85,44,197,154,0 
./data/dataset/train/41.jpg 261,365,305,408,0 185,8,233,55,0 26,158,118,244,0 
./data/dataset/train/42.jpg 299,189,347,236,0 48,293,169,411,0 218,69,266,113,0 
./data/dataset/train/43.jpg 76,134,168,220,0 179,64,249,129,0 
./data/dataset/train/44.jpg 31,195,99,262,0 216,288,330,394,0 132,70,215,147,0 
./data/dataset/train/45.jpg 26,225,78,276,0 191,82,259,149,0 351,24,407,77,0 
./data/dataset/train/46.jpg 159,260,268,362,0 282,154,358,229,0 87,19,135,63,0 
./data/dataset/train/47.jpg 36,164,97,221,0 105,228,185,307,0 
./data/dataset/train/48.jpg 201,37,261,96,0 122,165,200,238,0 
./data/dataset/train/49.jpg 154,106,272,216,0 0,270,76,345,0 
./data/dataset/train/50.jpg 224,320,320,414,0 65,66,126,123,0 
./data/dataset/train/51.jpg 89,256,193,358,0 284,102,380,192,0 
./data/dataset/train/52.jpg 278,22,356,95,0 118,183,202,265,0 
./data/dataset/train/53.jpg 216,295,300,377,0 34,162,98,225,0 162,60,210,107,0 
./data/dataset/train/54.jpg 62,345,110,392,0 322,249,406,331,0 165,121,281,235,0 
./data/dataset/train/55.jpg 111,287,187,362,0 35,129,107,200,0 201,35,265,98,0 
./data/dataset/train/56.jpg 273,45,353,124,0 169,292,217,336,0 
./data/dataset/train/57.jpg 267,191,343,266,0 145,1,189,44,0 203,271,255,319,0 
./data/dataset/train/58.jpg 287,201,348,258,0 5,93,77,164,0 151,302,207,357,0 
./data/dataset/train/59.jpg 274,326,350,401,0 38,41,156,151,0 
./data/dataset/train/60.jpg 141,84,213,155,0 334,238,406,309,0 
./data/dataset/train/61.jpg 142,213,222,292,0 300,343,368,410,0 79,83,135,138,0 
./data/dataset/train/62.jpg 141,243,241,341,0 
./data/dataset/train/63.jpg 164,18,216,66,0 12,262,108,356,0 222,132,345,246,0 
./data/dataset/train/64.jpg 123,96,203,175,0 12,261,99,342,0 
./data/dataset/train/65.jpg 83,178,179,272,0 265,12,361,106,0 
./data/dataset/train/66.jpg 46,13,90,56,0 156,195,240,277,0 340,99,396,154,0 271,302,319,349,0 
./data/dataset/train/67.jpg 54,277,128,346,0 151,4,211,63,0 
./data/dataset/train/68.jpg 37,133,93,188,0 151,255,223,326,0 
./data/dataset/train/69.jpg 299,209,407,315,0 186,158,230,201,0 
./data/dataset/train/70.jpg 96,221,192,315,0 260,82,364,184,0 
./data/dataset/train/71.jpg 197,140,329,263,0 56,16,160,118,0 
./data/dataset/train/72.jpg 143,250,191,294,0 5,103,75,168,0 279,298,371,384,0 
./data/dataset/train/73.jpg 274,272,366,362,0 31,57,139,163,0 
./data/dataset/train/74.jpg 324,271,400,346,0 40,166,88,213,0 115,0,189,69,0 
./data/dataset/train/75.jpg 309,46,369,105,0 22,248,134,358,0 
./data/dataset/train/76.jpg 211,263,332,381,0 94,153,186,243,0 366,69,410,112,0 
./data/dataset/train/77.jpg 75,247,140,308,0 273,169,325,220,0 
./data/dataset/train/78.jpg 58,235,159,329,0 
./data/dataset/train/79.jpg 4,236,52,280,0 328,41,384,94,0 
./data/dataset/train/80.jpg 257,322,329,393,0 30,4,126,98,0 
./data/dataset/train/81.jpg 30,269,94,332,0 168,133,286,243,0 
./data/dataset/train/82.jpg 172,172,268,266,0 1,271,88,352,0 325,10,377,58,0 
./data/dataset/train/83.jpg 249,326,332,403,0 130,166,206,241,0 
./data/dataset/train/84.jpg 103,87,211,193,0 33,240,94,297,0 
./data/dataset/train/85.jpg 290,299,382,385,0 40,53,132,143,0 
./data/dataset/train/86.jpg 303,111,381,184,0 239,28,287,75,0 
./data/dataset/train/87.jpg 52,143,112,202,0 230,319,306,394,0 
./data/dataset/train/88.jpg 0,204,48,251,0 306,309,358,360,0 
./data/dataset/train/89.jpg 90,254,213,368,0 300,83,383,160,0 
./data/dataset/train/90.jpg 134,30,186,81,0 30,82,117,163,0 
./data/dataset/train/91.jpg 152,213,212,272,0 56,336,130,405,0 331,85,407,160,0 
./data/dataset/train/92.jpg 13,16,145,139,0 321,292,365,335,0 261,225,313,276,0 
./data/dataset/train/93.jpg 256,43,352,133,0 79,290,183,392,0 
./data/dataset/train/94.jpg 61,6,173,116,0 302,283,389,364,0 
./data/dataset/train/95.jpg 83,362,127,405,0 283,298,339,353,0 212,75,260,122,0 
./data/dataset/train/96.jpg 154,163,258,265,0 26,343,86,402,0 
./data/dataset/train/97.jpg 290,208,386,302,0 74,31,190,145,0 
./data/dataset/train/98.jpg 336,274,392,329,0 70,6,144,75,0 
./data/dataset/train/99.jpg 176,121,246,186,0 345,2,397,53,0 
./data/dataset/train/100.jpg 46,103,107,160,0 259,275,380,393,0 
./data/dataset/train/101.jpg 217,63,329,173,0 
./data/dataset/train/102.jpg 248,281,292,324,0 159,150,224,211,0 
./data/dataset/train/103.jpg 123,306,191,373,0 31,141,111,220,0 
./data/dataset/train/104.jpg 54,232,142,318,0 274,13,354,92,0 
./data/dataset/train/105.jpg 137,306,209,377,0 296,74,405,176,0 
./data/dataset/train/106.jpg 88,103,168,182,0 288,4,340,55,0 
./data/dataset/train/107.jpg 87,102,143,157,0 243,161,323,240,0 
./data/dataset/train/108.jpg 296,125,360,188,0 200,41,276,116,0 116,244,168,292,0 
./data/dataset/train/109.jpg 92,201,188,295,0 306,57,366,116,0 
./data/dataset/train/110.jpg 239,159,343,261,0 46,326,114,393,0 
./data/dataset/train/111.jpg 100,145,176,220,0 298,40,362,103,0 
./data/dataset/train/112.jpg 320,317,372,368,0 203,256,251,300,0 
./data/dataset/train/113.jpg 298,328,376,401,0 187,5,247,64,0 62,151,171,253,0 
./data/dataset/train/114.jpg 101,43,197,137,0 262,273,314,324,0 
./data/dataset/train/115.jpg 245,250,325,329,0 11,108,72,165,0 126,341,182,394,0 
./data/dataset/train/116.jpg 200,293,264,356,0 339,100,403,163,0 
./data/dataset/train/117.jpg 210,244,342,367,0 25,16,103,89,0 
./data/dataset/train/118.jpg 290,164,362,235,0 86,87,134,134,0 188,288,256,355,0 
./data/dataset/train/119.jpg 266,368,314,415,0 155,294,216,351,0 2,93,94,183,0 
./data/dataset/train/120.jpg 273,204,394,322,0 151,85,234,162,0 
./data/dataset/train/121.jpg 181,148,289,254,0 
./data/dataset/train/122.jpg 259,102,337,175,0 134,193,198,256,0 
./data/dataset/train/123.jpg 86,48,186,146,0 3,315,83,394,0 
./data/dataset/train/124.jpg 224,202,328,304,0 14,307,110,401,0 
./data/dataset/train/125.jpg 92,57,168,132,0 24,316,80,371,0 198,169,286,255,0 
./data/dataset/train/126.jpg 212,57,344,180,0 54,323,150,413,0 
./data/dataset/train/127.jpg 202,83,302,181,0 118,206,186,273,0 
./data/dataset/train/128.jpg 303,159,375,230,0 105,238,219,344,0 
./data/dataset/train/129.jpg 37,98,113,173,0 238,340,302,403,0 
./data/dataset/train/130.jpg 287,45,399,155,0 59,211,177,321,0 
./data/dataset/train/131.jpg 47,147,159,257,0 162,282,278,396,0 
./data/dataset/train/132.jpg 4,36,80,111,0 83,319,148,380,0 216,164,308,254,0 
./data/dataset/train/133.jpg 176,39,248,110,0 13,256,127,362,0 296,154,392,248,0 
./data/dataset/train/134.jpg 252,190,340,276,0 7,347,75,414,0 
./data/dataset/train/135.jpg 90,272,198,378,0 0,68,68,135,0 
./data/dataset/train/136.jpg 111,298,181,363,0 304,89,396,179,0 203,214,287,296,0 
./data/dataset/train/137.jpg 234,204,346,314,0 20,44,64,87,0 
./data/dataset/train/138.jpg 204,288,300,382,0 85,61,185,159,0 
./data/dataset/train/139.jpg 19,47,71,98,0 72,197,140,264,0 167,303,211,346,0 
./data/dataset/train/140.jpg 144,60,216,131,0 255,264,331,339,0 
./data/dataset/train/141.jpg 233,107,277,150,0 106,278,222,392,0 281,53,325,96,0 
./data/dataset/train/142.jpg 215,188,336,306,0 98,110,142,153,0 
./data/dataset/train/143.jpg 315,175,375,234,0 189,272,273,354,0 
./data/dataset/train/144.jpg 34,261,135,355,0 152,118,257,216,0 
./data/dataset/train/145.jpg 129,196,181,244,0 3,13,111,119,0 300,125,360,184,0 
./data/dataset/train/146.jpg 252,256,300,303,0 121,179,173,227,0 
./data/dataset/train/147.jpg 119,82,242,196,0 289,258,393,360,0 
./data/dataset/train/148.jpg 213,187,289,262,0 300,265,364,328,0 
./data/dataset/train/149.jpg 132,243,215,320,0 335,43,407,114,0 
./data/dataset/train/150.jpg 115,299,199,381,0 320,46,388,113,0 28,126,84,181,0 
./data/dataset/train/151.jpg 39,282,144,380,0 147,150,243,244,0 
./data/dataset/train/152.jpg 134,35,255,153,0 
./data/dataset/train/153.jpg 148,180,232,262,0 245,96,301,149,0 
./data/dataset/train/154.jpg 61,191,141,270,0 193,344,237,387,0 252,6,360,112,0 
./data/dataset/train/155.jpg 62,37,123,94,0 290,239,360,304,0 160,99,220,158,0 
./data/dataset/train/156.jpg 52,299,126,368,0 182,132,258,207,0 
./data/dataset/train/157.jpg 255,322,351,412,0 42,42,158,156,0 
./data/dataset/train/158.jpg 221,0,277,53,0 329,165,385,220,0 116,237,184,304,0 
./data/dataset/train/159.jpg 16,26,112,120,0 157,273,233,348,0 
./data/dataset/train/160.jpg 170,127,218,171,0 86,235,130,278,0 315,299,383,366,0 
./data/dataset/train/161.jpg 221,316,269,363,0 301,200,353,251,0 
./data/dataset/train/162.jpg 122,85,230,191,0 275,267,396,385,0 
./data/dataset/train/163.jpg 85,338,163,411,0 195,68,259,131,0 265,185,377,295,0 
./data/dataset/train/164.jpg 304,282,396,368,0 88,12,176,98,0 
./data/dataset/train/165.jpg 151,214,216,275,0 58,13,122,76,0 245,136,317,207,0 
./data/dataset/train/166.jpg 204,30,300,124,0 83,294,159,369,0 
./data/dataset/train/167.jpg 108,119,182,188,0 284,10,388,112,0 
./data/dataset/train/168.jpg 166,305,275,407,0 342,102,410,169,0 40,229,96,284,0 
./data/dataset/train/169.jpg 155,149,263,255,0 54,321,128,390,0 
./data/dataset/train/170.jpg 88,263,189,357,0 
./data/dataset/train/171.jpg 183,26,227,69,0 14,305,78,368,0 85,88,157,159,0 
./data/dataset/train/172.jpg 202,78,329,197,0 
./data/dataset/train/173.jpg 154,136,238,218,0 301,258,389,344,0 
./data/dataset/train/174.jpg 92,236,201,338,0 252,133,312,192,0 
./data/dataset/train/175.jpg 134,178,226,264,0 248,83,304,138,0 
./data/dataset/train/176.jpg 129,351,185,406,0 275,158,355,237,0 
./data/dataset/train/177.jpg 12,232,139,351,0 194,94,312,204,0 
./data/dataset/train/178.jpg 148,76,269,194,0 15,223,103,309,0 
./data/dataset/train/179.jpg 7,343,51,386,0 275,74,380,172,0 
./data/dataset/train/180.jpg 135,263,203,330,0 220,336,284,399,0 321,166,413,256,0 
./data/dataset/train/181.jpg 200,326,288,412,0 301,23,389,109,0 91,207,161,272,0 
./data/dataset/train/182.jpg 334,262,402,329,0 170,44,282,154,0 42,168,114,239,0 
./data/dataset/train/183.jpg 309,132,357,179,0 135,216,215,295,0 38,305,134,395,0 
./data/dataset/train/184.jpg 284,159,376,245,0 42,306,125,383,0 
./data/dataset/train/185.jpg 230,207,334,309,0 99,20,200,114,0 
./data/dataset/train/186.jpg 149,279,257,385,0 296,102,400,204,0 
./data/dataset/train/187.jpg 7,349,67,408,0 91,125,192,219,0 
./data/dataset/train/188.jpg 126,252,174,299,0 252,46,373,164,0 
./data/dataset/train/189.jpg 248,227,369,345,0 46,43,102,98,0 
./data/dataset/train/190.jpg 247,134,335,220,0 157,41,231,110,0 46,334,126,413,0 
./data/dataset/train/191.jpg 136,237,224,323,0 341,160,409,227,0 83,350,135,398,0 
./data/dataset/train/192.jpg 200,120,327,239,0 
./data/dataset/train/193.jpg 165,17,229,80,0 40,121,141,215,0 
./data/dataset/train/194.jpg 32,243,93,300,0 128,51,240,161,0 
./data/dataset/train/195.jpg 251,164,363,274,0 19,64,71,112,0 
./data/dataset/train/196.jpg 21,255,130,357,0 206,85,289,162,0 337,186,385,233,0 
./data/dataset/train/197.jpg 161,119,282,237,0 13,49,69,104,0 
./data/dataset/train/198.jpg 100,17,148,64,0 225,146,308,223,0 12,66,90,139,0 
./data/dataset/train/199.jpg 355,125,411,178,0 75,238,131,293,0 
./data/dataset/train/200.jpg 32,167,128,261,0 158,286,226,353,0 286,103,338,154,0 
./data/dataset/train/201.jpg 134,226,202,293,0 
./data/dataset/train/202.jpg 232,211,328,301,0 119,305,171,353,0 
./data/dataset/train/203.jpg 234,251,355,369,0 101,30,161,89,0 
./data/dataset/train/204.jpg 164,127,291,246,0 299,262,347,306,0 
./data/dataset/train/205.jpg 141,205,225,287,0 
./data/dataset/train/206.jpg 244,80,328,162,0 337,207,381,250,0 72,318,173,412,0 
./data/dataset/train/207.jpg 175,317,258,394,0 18,122,94,197,0 
./data/dataset/train/208.jpg 170,281,226,336,0 81,89,125,132,0 345,345,401,400,0 
./data/dataset/train/209.jpg 138,240,246,346,0 328,88,388,147,0 
./data/dataset/train/210.jpg 195,139,279,221,0 16,260,124,366,0 
./data/dataset/train/211.jpg 97,30,181,112,0 314,154,406,244,0 
./data/dataset/train/212.jpg 56,169,168,279,0 185,21,245,80,0 291,315,356,376,0 
./data/dataset/train/213.jpg 10,6,114,108,0 217,223,317,321,0 135,173,183,220,0 
./data/dataset/train/214.jpg 35,249,153,359,0 319,142,389,207,0 
./data/dataset/train/215.jpg 121,209,233,319,0 302,78,350,125,0 
./data/dataset/train/216.jpg 187,205,255,272,0 52,105,144,195,0 284,303,384,401,0 
./data/dataset/train/217.jpg 236,292,328,382,0 
./data/dataset/train/218.jpg 153,156,253,254,0 256,284,372,398,0 
./data/dataset/train/219.jpg 115,276,231,390,0 284,159,340,214,0 
./data/dataset/train/220.jpg 210,175,282,246,0 9,17,136,136,0 
./data/dataset/train/221.jpg 138,118,259,236,0 
./data/dataset/train/222.jpg 251,180,321,245,0 87,31,170,108,0 344,109,412,176,0 
./data/dataset/train/223.jpg 143,209,213,274,0 257,130,340,207,0 81,17,129,64,0 
./data/dataset/train/224.jpg 87,58,147,117,0 9,143,73,206,0 287,256,401,362,0 
./data/dataset/train/225.jpg 180,237,289,339,0 316,53,390,122,0 
./data/dataset/train/226.jpg 49,221,119,286,0 186,355,246,414,0 326,91,396,156,0 
./data/dataset/train/227.jpg 198,72,282,154,0 74,195,174,293,0 
./data/dataset/train/228.jpg 118,96,232,202,0 19,212,106,293,0 
./data/dataset/train/229.jpg 315,180,403,266,0 222,287,287,348,0 78,4,182,106,0 
./data/dataset/train/230.jpg 292,247,376,329,0 13,12,74,69,0 
./data/dataset/train/231.jpg 277,90,389,200,0 179,267,240,324,0 
./data/dataset/train/232.jpg 120,78,184,141,0 303,7,355,58,0 
./data/dataset/train/233.jpg 281,225,408,344,0 24,15,84,74,0 160,129,232,200,0 
./data/dataset/train/234.jpg 91,159,187,253,0 268,271,360,357,0 
./data/dataset/train/235.jpg 67,261,181,367,0 201,70,328,189,0 
./data/dataset/train/236.jpg 124,135,204,214,0 205,268,317,378,0 
./data/dataset/train/237.jpg 354,215,406,266,0 201,111,257,166,0 147,34,195,81,0 
./data/dataset/train/238.jpg 274,310,322,357,0 107,23,159,71,0 358,116,406,163,0 
./data/dataset/train/239.jpg 32,210,80,257,0 110,278,226,392,0 255,0,319,63,0 
./data/dataset/train/240.jpg 10,244,88,317,0 178,68,266,154,0 96,343,160,406,0 
./data/dataset/train/241.jpg 135,94,183,141,0 230,297,314,379,0 
./data/dataset/train/242.jpg 129,125,237,231,0 348,257,404,312,0 
./data/dataset/train/243.jpg 202,35,246,78,0 295,288,411,402,0 35,113,156,231,0 
./data/dataset/train/244.jpg 221,96,326,194,0 85,200,177,290,0 
./data/dataset/train/245.jpg 241,209,342,303,0 
./data/dataset/train/246.jpg 198,19,303,117,0 32,252,132,350,0 
./data/dataset/train/247.jpg 233,179,316,256,0 168,84,228,143,0 59,259,143,341,0 
./data/dataset/train/248.jpg 56,44,152,138,0 170,153,248,226,0 327,268,387,327,0 
./data/dataset/train/249.jpg 336,165,392,220,0 62,229,123,286,0 
./data/dataset/train/250.jpg 53,145,174,263,0 308,293,391,370,0 
./data/dataset/train/251.jpg 11,111,85,180,0 327,224,411,306,0 152,321,212,380,0 
./data/dataset/train/252.jpg 3,193,64,250,0 144,298,258,404,0 303,50,351,94,0 
./data/dataset/train/253.jpg 298,355,359,412,0 72,14,180,120,0 
./data/dataset/train/254.jpg 258,150,379,268,0 103,302,155,353,0 
./data/dataset/train/255.jpg 323,15,415,105,0 101,312,175,381,0 250,124,306,177,0 
./data/dataset/train/256.jpg 295,246,382,327,0 117,41,229,151,0 
./data/dataset/train/257.jpg 137,49,211,118,0 22,226,98,301,0 249,128,317,195,0 
./data/dataset/train/258.jpg 276,28,359,105,0 135,111,262,230,0 
./data/dataset/train/259.jpg 220,164,300,243,0 7,257,63,312,0 313,333,373,392,0 
./data/dataset/train/260.jpg 286,337,350,400,0 62,42,158,136,0 
./data/dataset/train/261.jpg 262,174,326,237,0 68,70,168,168,0 
./data/dataset/train/262.jpg 25,6,73,53,0 110,67,190,146,0 309,169,414,267,0 
./data/dataset/train/263.jpg 145,115,233,201,0 82,328,130,372,0 
./data/dataset/train/264.jpg 243,38,307,101,0 55,121,111,176,0 121,231,226,329,0 
./data/dataset/train/265.jpg 60,348,104,391,0 186,44,278,134,0 319,137,383,200,0 
./data/dataset/train/266.jpg 6,201,102,291,0 281,6,373,96,0 
./data/dataset/train/267.jpg 68,124,172,226,0 302,339,362,398,0 
./data/dataset/train/268.jpg 301,44,369,111,0 48,331,104,384,0 144,195,256,305,0 
./data/dataset/train/269.jpg 30,307,106,382,0 306,55,393,136,0 
./data/dataset/train/270.jpg 330,154,410,233,0 164,241,240,316,0 
./data/dataset/train/271.jpg 247,96,299,147,0 58,334,119,391,0 329,231,407,304,0 
./data/dataset/train/272.jpg 215,91,315,189,0 15,10,80,71,0 
./data/dataset/train/273.jpg 174,301,282,407,0 31,66,135,168,0 
./data/dataset/train/274.jpg 271,224,355,306,0 101,43,222,161,0 
./data/dataset/train/275.jpg 207,213,325,323,0 327,102,401,171,0 
./data/dataset/train/276.jpg 152,235,200,282,0 308,316,376,383,0 
./data/dataset/train/277.jpg 282,49,326,92,0 84,168,156,239,0 159,302,215,357,0 
./data/dataset/train/278.jpg 228,94,340,204,0 69,252,177,358,0 
./data/dataset/train/279.jpg 49,6,121,77,0 150,350,214,413,0 250,96,302,144,0 
./data/dataset/train/280.jpg 168,213,284,327,0 
./data/dataset/train/281.jpg 331,67,415,149,0 16,184,72,239,0 
./data/dataset/train/282.jpg 272,49,346,118,0 199,356,251,404,0 64,196,168,298,0 
./data/dataset/train/283.jpg 81,244,202,362,0 4,116,56,164,0 
./data/dataset/train/284.jpg 294,334,358,397,0 141,182,253,292,0 
./data/dataset/train/285.jpg 16,177,94,250,0 308,266,384,341,0 216,41,276,100,0 
./data/dataset/train/286.jpg 217,54,313,144,0 137,315,181,358,0 
./data/dataset/train/287.jpg 107,231,179,302,0 219,88,293,157,0 
./data/dataset/train/288.jpg 41,102,129,188,0 315,282,379,345,0 
./data/dataset/train/289.jpg 144,272,252,378,0 254,122,342,208,0 19,5,128,107,0 
./data/dataset/train/290.jpg 95,32,199,134,0 244,225,367,339,0 
./data/dataset/train/291.jpg 264,141,372,247,0 112,15,190,88,0 
./data/dataset/train/292.jpg 146,202,258,312,0 310,61,406,155,0 
./data/dataset/train/293.jpg 9,353,57,397,0 147,140,221,209,0 321,288,385,351,0 
./data/dataset/train/294.jpg 33,240,147,346,0 260,73,352,163,0 
./data/dataset/train/295.jpg 67,338,115,382,0 303,195,390,276,0 128,43,202,112,0 
./data/dataset/train/296.jpg 60,289,124,352,0 198,91,298,189,0 
./data/dataset/train/297.jpg 88,81,152,144,0 238,311,334,405,0 
./data/dataset/train/298.jpg 6,256,138,379,0 300,139,408,245,0 
./data/dataset/train/299.jpg 204,91,252,138,0 138,205,198,264,0 264,272,316,320,0 
./data/dataset/train/300.jpg 179,255,251,326,0 5,147,79,216,0 
./data/dataset/train/301.jpg 133,14,256,128,0 270,284,357,365,0 
./data/dataset/train/302.jpg 291,27,365,96,0 10,143,84,212,0 136,299,219,376,0 
./data/dataset/train/303.jpg 159,18,227,85,0 83,267,155,338,0 
./data/dataset/train/304.jpg 28,138,100,209,0 216,298,317,392,0 
./data/dataset/train/305.jpg 231,121,352,239,0 52,262,108,317,0 
./data/dataset/train/306.jpg 28,306,84,361,0 230,45,342,155,0 
./data/dataset/train/307.jpg 85,211,161,286,0 271,104,379,210,0 
./data/dataset/train/308.jpg 81,339,129,383,0 181,165,264,242,0 
./data/dataset/train/309.jpg 292,89,375,166,0 102,228,162,287,0 
./data/dataset/train/310.jpg 108,221,200,311,0 228,24,315,105,0 
./data/dataset/train/311.jpg 193,169,257,232,0 100,342,161,399,0 284,280,332,327,0 
./data/dataset/train/312.jpg 179,223,275,313,0 
./data/dataset/train/313.jpg 217,58,329,168,0 39,215,103,278,0 
./data/dataset/train/314.jpg 148,266,236,352,0 248,178,304,231,0 5,24,132,143,0 
./data/dataset/train/315.jpg 295,24,382,105,0 38,240,112,309,0 
./data/dataset/train/316.jpg 235,212,362,331,0 9,64,81,135,0 
./data/dataset/train/317.jpg 337,195,402,256,0 117,318,189,389,0 261,114,309,158,0 
./data/dataset/train/318.jpg 212,191,280,258,0 50,33,122,104,0 327,338,410,415,0 
./data/dataset/train/319.jpg 242,287,302,346,0 187,22,239,73,0 
./data/dataset/train/320.jpg 169,157,281,267,0 
./data/dataset/train/321.jpg 222,172,274,223,0 10,27,106,121,0 
./data/dataset/train/322.jpg 104,281,188,363,0 317,79,409,169,0 
./data/dataset/train/323.jpg 70,332,122,380,0 178,69,230,117,0 
./data/dataset/train/324.jpg 1,333,45,376,0 104,248,164,307,0 233,145,321,231,0 
./data/dataset/train/325.jpg 244,34,314,99,0 119,202,233,308,0 10,103,102,193,0 
./data/dataset/train/326.jpg 50,22,128,95,0 217,155,289,226,0 339,253,391,304,0 
./data/dataset/train/327.jpg 60,178,174,284,0 270,57,379,159,0 
./data/dataset/train/328.jpg 46,233,122,308,0 274,117,354,196,0 126,12,230,114,0 
./data/dataset/train/329.jpg 211,188,287,263,0 
./data/dataset/train/330.jpg 244,102,300,155,0 128,318,202,387,0 315,24,383,91,0 
./data/dataset/train/331.jpg 271,67,371,165,0 62,276,162,374,0 
./data/dataset/train/332.jpg 209,224,341,347,0 80,102,164,184,0 
./data/dataset/train/333.jpg 85,334,150,395,0 207,17,323,131,0 
./data/dataset/train/334.jpg 34,112,117,189,0 157,1,269,111,0 
./data/dataset/train/335.jpg 250,195,330,274,0 32,86,132,184,0 343,293,415,364,0 
./data/dataset/train/336.jpg 111,78,227,192,0 234,260,335,354,0 
./data/dataset/train/337.jpg 295,246,404,348,0 92,118,180,204,0 
./data/dataset/train/338.jpg 215,98,303,184,0 139,218,213,287,0 
./data/dataset/train/339.jpg 291,113,391,211,0 176,25,240,88,0 
./data/dataset/train/340.jpg 113,283,234,401,0 338,157,394,212,0 
./data/dataset/train/341.jpg 189,224,297,330,0 4,6,122,116,0 
./data/dataset/train/342.jpg 111,182,207,276,0 45,15,93,62,0 
./data/dataset/train/343.jpg 127,55,231,157,0 258,289,318,348,0 
./data/dataset/train/344.jpg 189,201,276,282,0 41,41,93,89,0 307,313,383,388,0 
./data/dataset/train/345.jpg 251,62,372,180,0 9,208,57,255,0 64,272,129,333,0 
./data/dataset/train/346.jpg 45,305,141,399,0 309,170,381,241,0 
./data/dataset/train/347.jpg 147,252,270,366,0 320,12,408,98,0 
./data/dataset/train/348.jpg 114,128,206,218,0 6,35,82,110,0 255,298,331,373,0 
./data/dataset/train/349.jpg 236,91,306,156,0 148,238,204,293,0 
./data/dataset/train/350.jpg 264,43,324,102,0 114,125,188,194,0 
./data/dataset/train/351.jpg 216,202,343,321,0 
./data/dataset/train/352.jpg 70,72,166,162,0 312,200,384,271,0 
./data/dataset/train/353.jpg 157,220,275,330,0 
./data/dataset/train/354.jpg 123,169,197,238,0 317,346,361,389,0 244,79,288,122,0 
./data/dataset/train/355.jpg 357,144,405,191,0 253,251,336,328,0 
./data/dataset/train/356.jpg 130,117,248,227,0 0,315,52,366,0 340,9,396,64,0 249,249,319,314,0 
./data/dataset/train/357.jpg 273,57,357,139,0 23,241,67,284,0 
./data/dataset/train/358.jpg 278,12,374,106,0 41,188,146,286,0 
./data/dataset/train/359.jpg 125,142,173,189,0 234,332,306,403,0 
./data/dataset/train/360.jpg 120,199,220,297,0 283,56,399,170,0 
./data/dataset/train/361.jpg 140,318,216,393,0 223,19,337,125,0 
./data/dataset/train/362.jpg 211,19,320,121,0 329,281,389,340,0 
./data/dataset/train/363.jpg 169,154,287,264,0 85,50,141,105,0 
./data/dataset/train/364.jpg 9,259,113,361,0 166,189,214,233,0 
./data/dataset/train/365.jpg 227,52,287,111,0 103,187,221,297,0 
./data/dataset/train/366.jpg 276,166,320,209,0 75,40,123,87,0 
./data/dataset/train/367.jpg 64,174,164,272,0 280,19,392,129,0 167,313,267,411,0 
./data/dataset/train/368.jpg 180,129,284,231,0 52,296,161,398,0 
./data/dataset/train/369.jpg 162,68,278,182,0 26,320,82,375,0 
./data/dataset/train/370.jpg 30,94,134,196,0 
./data/dataset/train/371.jpg 85,333,129,376,0 247,23,339,109,0 
./data/dataset/train/372.jpg 22,226,106,308,0 207,327,263,382,0 295,90,383,176,0 
./data/dataset/train/373.jpg 7,281,128,399,0 157,78,201,121,0 
./data/dataset/train/374.jpg 85,212,185,310,0 279,127,355,202,0 198,2,278,81,0 
./data/dataset/train/375.jpg 69,144,117,191,0 141,14,193,65,0 
./data/dataset/train/376.jpg 122,31,234,141,0 297,208,345,252,0 
./data/dataset/train/377.jpg 239,189,291,237,0 75,289,119,332,0 298,71,394,161,0 
./data/dataset/train/378.jpg 337,154,409,225,0 33,49,109,124,0 
./data/dataset/train/379.jpg 124,193,204,272,0 250,282,354,384,0 
./data/dataset/train/380.jpg 323,252,399,327,0 213,14,297,96,0 134,150,202,217,0 
./data/dataset/train/381.jpg 193,35,320,154,0 120,176,164,219,0 337,323,405,390,0 
./data/dataset/train/382.jpg 163,82,247,164,0 37,209,120,286,0 
./data/dataset/train/383.jpg 205,152,309,254,0 365,341,409,384,0 18,15,130,125,0 
./data/dataset/train/384.jpg 158,165,263,263,0 
./data/dataset/train/385.jpg 295,184,383,270,0 208,110,268,169,0 114,302,206,392,0 
./data/dataset/train/386.jpg 10,63,62,114,0 292,306,384,392,0 
./data/dataset/train/387.jpg 313,4,369,59,0 24,235,124,333,0 211,345,259,389,0 
./data/dataset/train/388.jpg 185,181,294,283,0 14,9,119,107,0 
./data/dataset/train/389.jpg 163,209,233,274,0 
./data/dataset/train/390.jpg 35,294,103,361,0 170,176,266,270,0 
./data/dataset/train/391.jpg 195,185,295,283,0 65,354,125,413,0 
./data/dataset/train/392.jpg 181,180,257,255,0 298,101,362,164,0 
./data/dataset/train/393.jpg 91,231,161,296,0 228,80,316,166,0 
./data/dataset/train/394.jpg 78,195,196,305,0 317,98,381,161,0 
./data/dataset/train/395.jpg 314,268,402,354,0 76,58,124,105,0 
./data/dataset/train/396.jpg 247,245,347,343,0 6,98,62,151,0 
./data/dataset/train/397.jpg 173,180,305,303,0 107,39,163,94,0 
./data/dataset/train/398.jpg 122,228,243,346,0 14,360,66,411,0 331,20,375,63,0 
./data/dataset/train/399.jpg 125,280,221,370,0 304,138,364,197,0 60,24,104,67,0 
./data/dataset/train/400.jpg 158,105,232,174,0 67,28,123,81,0 
./data/dataset/train/401.jpg 241,292,297,347,0 27,66,141,172,0 
./data/dataset/train/402.jpg 146,324,230,406,0 231,58,309,131,0 
./data/dataset/train/403.jpg 186,274,294,380,0 31,153,83,201,0 
./data/dataset/train/404.jpg 199,73,271,144,0 60,195,121,252,0 
./data/dataset/train/405.jpg 235,70,311,145,0 39,232,99,291,0 
./data/dataset/train/406.jpg 5,11,93,97,0 224,345,276,393,0 
./data/dataset/train/407.jpg 225,282,343,392,0 9,37,121,147,0 
./data/dataset/train/408.jpg 50,213,151,307,0 270,61,382,171,0 
./data/dataset/train/409.jpg 253,357,305,408,0 78,240,178,338,0 6,39,74,106,0 
./data/dataset/train/410.jpg 266,90,330,153,0 111,175,243,298,0 337,351,385,398,0 24,41,68,84,0 
./data/dataset/train/411.jpg 177,214,285,320,0 35,36,139,138,0 
./data/dataset/train/412.jpg 54,0,166,110,0 321,333,365,376,0 181,189,229,236,0 
./data/dataset/train/413.jpg 248,338,296,382,0 107,224,163,277,0 
./data/dataset/train/414.jpg 3,232,119,346,0 348,78,392,121,0 277,348,345,415,0 
./data/dataset/train/415.jpg 146,196,258,306,0 12,371,56,414,0 
./data/dataset/train/416.jpg 326,301,378,349,0 71,41,154,118,0 217,120,269,168,0 
./data/dataset/train/417.jpg 146,272,198,320,0 228,99,340,209,0 
./data/dataset/train/418.jpg 156,111,264,217,0 301,252,401,350,0 
./data/dataset/train/419.jpg 164,100,280,214,0 
./data/dataset/train/420.jpg 292,157,356,220,0 166,251,280,357,0 2,4,78,79,0 
./data/dataset/train/421.jpg 22,310,83,367,0 284,211,371,292,0 
./data/dataset/train/422.jpg 107,36,163,89,0 245,123,359,229,0 
./data/dataset/train/423.jpg 95,50,216,168,0 322,226,414,316,0 
./data/dataset/train/424.jpg 312,167,412,265,0 185,273,281,367,0 46,88,94,135,0 
./data/dataset/train/425.jpg 152,43,256,145,0 40,258,128,344,0 
./data/dataset/train/426.jpg 240,300,352,410,0 138,70,221,147,0 
./data/dataset/train/427.jpg 196,154,244,201,0 
./data/dataset/train/428.jpg 20,103,88,170,0 318,245,370,293,0 
./data/dataset/train/429.jpg 242,48,374,171,0 85,221,186,315,0 
./data/dataset/train/430.jpg 270,126,322,177,0 102,245,207,343,0 
./data/dataset/train/431.jpg 186,146,282,240,0 137,48,185,95,0 291,306,356,367,0 
./data/dataset/train/432.jpg 150,229,266,343,0 282,69,369,150,0 
./data/dataset/train/433.jpg 81,318,165,400,0 211,50,316,148,0 
./data/dataset/train/434.jpg 95,140,199,242,0 230,45,298,112,0 
./data/dataset/train/435.jpg 88,19,204,133,0 215,307,298,384,0 325,211,413,297,0 
./data/dataset/train/436.jpg 25,204,81,259,0 251,62,347,156,0 
./data/dataset/train/437.jpg 95,295,143,342,0 197,128,329,251,0 
./data/dataset/train/438.jpg 174,164,270,254,0 22,51,118,141,0 
./data/dataset/train/439.jpg 69,164,149,243,0 326,78,402,153,0 192,295,280,381,0 
./data/dataset/train/440.jpg 38,49,102,112,0 184,134,280,228,0 
./data/dataset/train/441.jpg 258,259,328,324,0 131,0,235,102,0 
./data/dataset/train/442.jpg 184,233,293,335,0 
./data/dataset/train/443.jpg 176,2,281,100,0 16,240,88,311,0 
./data/dataset/train/444.jpg 234,50,346,160,0 171,211,215,254,0 
./data/dataset/train/445.jpg 41,103,105,166,0 131,179,223,269,0 326,6,378,54,0 
./data/dataset/train/446.jpg 161,58,282,176,0 293,230,357,293,0 
./data/dataset/train/447.jpg 172,3,299,122,0 349,214,410,271,0 100,319,164,382,0 
./data/dataset/train/448.jpg 40,279,100,338,0 113,115,234,233,0 
./data/dataset/train/449.jpg 179,128,267,214,0 73,12,133,71,0 321,237,365,280,0 
./data/dataset/train/450.jpg 301,304,353,355,0 4,54,100,144,0 167,175,299,298,0 
./data/dataset/train/451.jpg 225,36,313,122,0 148,172,222,241,0 
./data/dataset/train/452.jpg 306,87,406,185,0 160,267,230,332,0 
./data/dataset/train/453.jpg 267,263,328,320,0 62,20,114,71,0 337,185,385,232,0 
./data/dataset/train/454.jpg 133,10,234,104,0 251,247,323,318,0 
./data/dataset/train/455.jpg 208,160,329,278,0 50,332,137,413,0 
./data/dataset/train/456.jpg 184,124,292,230,0 
./data/dataset/train/457.jpg 10,21,119,123,0 282,253,350,320,0 122,362,170,409,0 
./data/dataset/train/458.jpg 294,151,403,253,0 114,21,219,119,0 
./data/dataset/train/459.jpg 32,227,108,302,0 282,312,386,414,0 209,76,274,137,0 
./data/dataset/train/460.jpg 234,42,298,105,0 101,206,197,300,0 
./data/dataset/train/461.jpg 246,243,350,345,0 107,22,172,83,0 
./data/dataset/train/462.jpg 151,204,247,298,0 31,47,147,161,0 
./data/dataset/train/463.jpg 258,48,346,134,0 41,219,97,274,0 
./data/dataset/train/464.jpg 94,130,186,220,0 227,312,331,414,0 333,57,398,118,0 
./data/dataset/train/465.jpg 337,122,393,177,0 65,210,165,308,0 220,0,276,53,0 
./data/dataset/train/466.jpg 221,202,293,273,0 15,18,107,104,0 330,309,414,391,0 
./data/dataset/train/467.jpg 194,64,295,158,0 360,258,408,305,0 96,161,140,204,0 
./data/dataset/train/468.jpg 293,122,411,232,0 98,252,168,317,0 
./data/dataset/train/469.jpg 82,150,138,205,0 312,85,368,140,0 
./data/dataset/train/470.jpg 245,62,377,185,0 30,186,126,276,0 
./data/dataset/train/471.jpg 90,45,202,155,0 305,162,381,237,0 
./data/dataset/train/472.jpg 36,213,128,299,0 217,113,295,186,0 
./data/dataset/train/473.jpg 247,69,352,167,0 57,295,118,352,0 
./data/dataset/train/474.jpg 48,249,157,351,0 158,42,270,152,0 
./data/dataset/train/475.jpg 148,166,204,221,0 221,57,305,139,0 
./data/dataset/train/476.jpg 235,206,353,316,0 56,72,152,166,0 
./data/dataset/train/477.jpg 248,132,380,255,0 109,283,161,331,0 
./data/dataset/train/478.jpg 141,202,245,304,0 294,17,410,131,0 
./data/dataset/train/479.jpg 206,251,310,353,0 102,67,202,165,0 
./data/dataset/train/480.jpg 121,262,242,380,0 243,129,317,198,0 
./data/dataset/train/481.jpg 304,212,413,314,0 210,124,280,189,0 70,27,126,82,0 
./data/dataset/train/482.jpg 327,183,371,226,0 228,356,276,400,0 83,62,175,148,0 
./data/dataset/train/483.jpg 229,127,297,194,0 27,264,141,370,0 
./data/dataset/train/484.jpg 250,235,310,294,0 153,87,231,160,0 53,360,97,403,0 
./data/dataset/train/485.jpg 240,286,316,361,0 35,171,135,269,0 
./data/dataset/train/486.jpg 165,137,257,227,0 259,329,315,384,0 57,6,141,88,0 
./data/dataset/train/487.jpg 164,233,278,339,0 15,84,76,141,0 
./data/dataset/train/488.jpg 199,12,271,83,0 289,294,337,341,0 
./data/dataset/train/489.jpg 20,136,72,187,0 244,35,340,129,0 112,280,188,355,0 
./data/dataset/train/490.jpg 72,45,164,135,0 254,184,322,251,0 
./data/dataset/train/491.jpg 16,152,128,262,0 195,11,307,121,0 
./data/dataset/train/492.jpg 18,33,134,147,0 156,216,208,267,0 240,302,300,361,0 
./data/dataset/train/493.jpg 119,293,199,372,0 16,85,103,166,0 347,228,395,275,0 
./data/dataset/train/494.jpg 126,252,247,370,0 271,79,372,173,0 
./data/dataset/train/495.jpg 254,124,330,199,0 63,294,128,355,0 
./data/dataset/train/496.jpg 42,118,107,179,0 345,264,397,312,0 
./data/dataset/train/497.jpg 113,37,240,156,0 15,196,95,275,0 
./data/dataset/train/498.jpg 227,151,319,241,0 95,292,151,345,0 
./data/dataset/train/499.jpg 36,288,132,382,0 242,105,290,149,0 349,9,405,64,0 
./data/dataset/train/500.jpg 292,190,357,251,0 42,280,163,398,0 173,42,281,148,0 
./data/dataset/train/501.jpg 12,69,117,167,0 302,171,350,215,0 
./data/dataset/train/502.jpg 163,232,295,355,0 301,5,377,80,0 89,140,150,197,0 
./data/dataset/train/503.jpg 60,245,116,298,0 143,6,259,120,0 
./data/dataset/train/504.jpg 234,303,348,409,0 7,62,83,137,0 152,255,196,298,0 
./data/dataset/train/505.jpg 44,214,114,279,0 232,136,280,183,0 
./data/dataset/train/506.jpg 289,74,385,168,0 
./data/dataset/train/507.jpg 158,92,230,163,0 246,170,324,243,0 341,34,393,82,0 
./data/dataset/train/508.jpg 256,258,340,340,0 62,15,158,105,0 
./data/dataset/train/509.jpg 107,119,185,192,0 190,319,274,401,0 
./data/dataset/train/510.jpg 28,303,142,409,0 270,90,366,180,0 
./data/dataset/train/511.jpg 1,3,61,62,0 279,98,391,208,0 
./data/dataset/train/512.jpg 85,46,177,132,0 282,302,383,396,0 23,237,83,296,0 
./data/dataset/train/513.jpg 53,157,129,232,0 163,275,263,373,0 
./data/dataset/train/514.jpg 120,157,221,251,0 341,78,415,147,0 
./data/dataset/train/515.jpg 115,300,231,414,0 10,2,74,65,0 356,160,408,208,0 
./data/dataset/train/516.jpg 30,208,138,314,0 230,334,286,387,0 
./data/dataset/train/517.jpg 3,232,55,280,0 170,52,291,170,0 
./data/dataset/train/518.jpg 294,283,406,393,0 77,101,129,152,0 
./data/dataset/train/519.jpg 291,91,379,177,0 86,280,130,323,0 
./data/dataset/train/520.jpg 274,102,395,220,0 167,333,227,392,0 
./data/dataset/train/521.jpg 238,102,342,204,0 179,209,235,262,0 49,351,101,399,0 349,26,414,87,0 
./data/dataset/train/522.jpg 288,51,400,161,0 128,188,233,286,0 
./data/dataset/train/523.jpg 173,67,287,173,0 15,264,91,339,0 
./data/dataset/train/524.jpg 181,287,281,385,0 
./data/dataset/train/525.jpg 125,93,225,191,0 36,270,112,345,0 331,353,387,408,0 
./data/dataset/train/526.jpg 70,215,171,309,0 286,127,378,213,0 
./data/dataset/train/527.jpg 2,275,103,369,0 152,149,252,247,0 
./data/dataset/train/528.jpg 185,186,317,309,0 83,30,131,77,0 4,96,48,139,0 
./data/dataset/train/529.jpg 298,81,378,160,0 82,293,158,368,0 
./data/dataset/train/530.jpg 168,195,244,270,0 264,144,312,188,0 
./data/dataset/train/531.jpg 101,224,193,314,0 295,52,373,125,0 
./data/dataset/train/532.jpg 113,58,193,137,0 254,193,372,303,0 
./data/dataset/train/533.jpg 280,163,340,222,0 189,60,245,115,0 
./data/dataset/train/534.jpg 323,154,379,207,0 156,22,239,99,0 
./data/dataset/train/535.jpg 332,161,380,205,0 150,217,202,268,0 
./data/dataset/train/536.jpg 128,174,211,251,0 63,91,115,139,0 
./data/dataset/train/537.jpg 276,83,356,162,0 74,216,195,334,0 
./data/dataset/train/538.jpg 114,208,202,294,0 339,301,400,358,0 250,42,330,121,0 
./data/dataset/train/539.jpg 21,305,129,411,0 170,36,291,154,0 314,243,366,294,0 
./data/dataset/train/540.jpg 111,267,171,326,0 363,16,415,67,0 
./data/dataset/train/541.jpg 274,141,395,259,0 10,25,110,123,0 
./data/dataset/train/542.jpg 122,131,178,184,0 310,312,366,367,0 
./data/dataset/train/543.jpg 231,107,301,172,0 19,180,106,261,0 
./data/dataset/train/544.jpg 198,144,282,226,0 292,49,340,96,0 
./data/dataset/train/545.jpg 216,147,308,237,0 18,300,110,390,0 363,26,411,73,0 
./data/dataset/train/546.jpg 78,93,154,168,0 304,297,365,354,0 
./data/dataset/train/547.jpg 165,1,243,74,0 292,323,372,402,0 
./data/dataset/train/548.jpg 227,29,335,135,0 44,149,144,247,0 
./data/dataset/train/549.jpg 75,157,189,263,0 209,29,287,102,0 
./data/dataset/train/550.jpg 155,163,267,273,0 306,33,394,119,0 
./data/dataset/train/551.jpg 125,173,208,250,0 262,323,338,398,0 63,17,107,60,0 
./data/dataset/train/552.jpg 252,291,370,401,0 154,7,214,66,0 
./data/dataset/train/553.jpg 56,78,152,168,0 156,200,212,255,0 249,299,337,385,0 
./data/dataset/train/554.jpg 60,91,125,152,0 206,241,254,288,0 334,324,414,403,0 
./data/dataset/train/555.jpg 275,106,323,150,0 136,182,223,263,0 324,339,385,396,0 
./data/dataset/train/556.jpg 188,116,315,235,0 92,23,148,76,0 
./data/dataset/train/557.jpg 26,299,82,354,0 206,42,254,89,0 276,132,376,230,0 
./data/dataset/train/558.jpg 89,220,203,326,0 287,92,367,171,0 
./data/dataset/train/559.jpg 133,114,234,208,0 292,255,413,373,0 
./data/dataset/train/560.jpg 29,57,138,159,0 270,308,326,363,0 168,192,260,282,0 
./data/dataset/train/561.jpg 232,115,324,201,0 52,63,100,107,0 
./data/dataset/train/562.jpg 166,30,222,85,0 89,360,141,411,0 240,271,314,340,0 
./data/dataset/train/563.jpg 219,2,333,108,0 1,225,66,286,0 
./data/dataset/train/564.jpg 132,10,236,112,0 5,334,83,407,0 
./data/dataset/train/565.jpg 176,201,272,291,0 
./data/dataset/train/566.jpg 92,96,206,202,0 227,316,303,391,0 
./data/dataset/train/567.jpg 224,26,272,73,0 73,153,189,267,0 
./data/dataset/train/568.jpg 296,300,414,410,0 141,203,206,264,0 15,53,99,135,0 
./data/dataset/train/569.jpg 344,157,388,200,0 42,43,94,91,0 
./data/dataset/train/570.jpg 305,24,397,114,0 211,218,259,265,0 92,294,152,353,0 15,127,75,186,0 
./data/dataset/train/571.jpg 24,200,112,286,0 287,70,367,149,0 
./data/dataset/train/572.jpg 174,0,270,90,0 42,182,102,241,0 281,302,355,371,0 
./data/dataset/train/573.jpg 9,26,125,140,0 261,250,325,313,0 
./data/dataset/train/574.jpg 210,100,284,169,0 43,295,139,389,0 
./data/dataset/train/575.jpg 264,263,348,345,0 67,85,159,175,0 
./data/dataset/train/576.jpg 90,267,164,336,0 11,57,63,108,0 
./data/dataset/train/577.jpg 167,225,255,311,0 316,337,377,394,0 59,114,123,177,0 
./data/dataset/train/578.jpg 302,143,410,249,0 7,49,67,108,0 197,316,289,406,0 
./data/dataset/train/579.jpg 295,269,391,359,0 230,47,294,110,0 
./data/dataset/train/580.jpg 90,341,138,385,0 310,40,410,138,0 
./data/dataset/train/581.jpg 166,108,267,202,0 42,267,98,322,0 325,342,395,407,0 
./data/dataset/train/582.jpg 86,140,186,238,0 257,7,340,84,0 
./data/dataset/train/583.jpg 66,123,162,213,0 339,250,415,325,0 
./data/dataset/train/584.jpg 280,69,385,167,0 52,269,113,326,0 
./data/dataset/train/585.jpg 253,106,349,200,0 131,281,209,354,0 
./data/dataset/train/586.jpg 48,277,112,340,0 205,163,305,261,0 
./data/dataset/train/587.jpg 263,159,347,241,0 19,243,84,304,0 
./data/dataset/train/588.jpg 95,30,163,97,0 228,133,332,235,0 
./data/dataset/train/589.jpg 333,52,385,103,0 178,117,261,194,0 
./data/dataset/train/590.jpg 299,99,373,168,0 44,180,132,266,0 
./data/dataset/train/591.jpg 137,71,224,152,0 231,283,332,377,0 
./data/dataset/train/592.jpg 305,258,413,364,0 91,69,192,163,0 
./data/dataset/train/593.jpg 147,247,247,345,0 
./data/dataset/train/594.jpg 229,265,285,320,0 287,19,391,121,0 16,130,96,209,0 
./data/dataset/train/595.jpg 132,89,248,203,0 
./data/dataset/train/596.jpg 129,230,245,344,0 18,69,101,146,0 
./data/dataset/train/597.jpg 254,99,350,189,0 120,197,212,287,0 
./data/dataset/train/598.jpg 134,69,214,148,0 24,172,89,233,0 339,10,391,58,0 
./data/dataset/train/599.jpg 104,162,236,285,0 291,4,363,75,0 
./data/dataset/train/600.jpg 182,80,230,124,0 98,233,159,290,0 
./data/dataset/train/601.jpg 73,85,169,175,0 254,323,338,405,0 
./data/dataset/train/602.jpg 320,122,396,197,0 17,310,117,408,0 
./data/dataset/train/603.jpg 69,198,183,304,0 
./data/dataset/train/604.jpg 212,314,317,412,0 128,172,176,219,0 
./data/dataset/train/605.jpg 269,183,401,306,0 159,317,219,376,0 28,52,80,103,0 
./data/dataset/train/606.jpg 69,144,117,191,0 220,237,280,296,0 
./data/dataset/train/607.jpg 71,86,154,163,0 199,220,251,268,0 331,351,383,402,0 
./data/dataset/train/608.jpg 120,199,192,270,0 22,74,110,160,0 
./data/dataset/train/609.jpg 105,129,197,215,0 284,345,352,412,0 
./data/dataset/train/610.jpg 212,268,335,382,0 130,14,210,93,0 
./data/dataset/train/611.jpg 170,366,214,409,0 356,249,404,293,0 22,29,118,119,0 
./data/dataset/train/612.jpg 3,167,87,249,0 134,280,212,353,0 
./data/dataset/train/613.jpg 228,55,349,173,0 0,291,96,381,0 
./data/dataset/train/614.jpg 9,357,53,400,0 78,154,178,252,0 197,266,277,345,0 301,36,357,91,0 
./data/dataset/train/615.jpg 221,173,285,236,0 67,326,147,405,0 157,54,205,98,0 339,255,407,322,0 
./data/dataset/train/616.jpg 318,281,370,329,0 209,29,265,84,0 68,178,168,276,0 
./data/dataset/train/617.jpg 224,140,292,207,0 42,309,130,395,0 152,20,216,83,0 
./data/dataset/train/618.jpg 8,335,52,378,0 133,41,217,123,0 
./data/dataset/train/619.jpg 154,179,242,265,0 64,295,142,368,0 
./data/dataset/train/620.jpg 8,111,52,154,0 269,15,365,109,0 95,197,191,291,0 194,320,254,379,0 
./data/dataset/train/621.jpg 102,230,194,320,0 210,99,254,142,0 
./data/dataset/train/622.jpg 96,122,170,191,0 268,211,356,297,0 
./data/dataset/train/623.jpg 77,290,147,355,0 284,190,356,261,0 16,92,68,140,0 
./data/dataset/train/624.jpg 36,134,150,240,0 246,38,294,85,0 
./data/dataset/train/625.jpg 330,130,391,187,0 132,220,248,334,0 
./data/dataset/train/626.jpg 235,123,323,209,0 135,12,227,102,0 328,337,376,384,0 
./data/dataset/train/627.jpg 53,20,145,106,0 281,132,337,187,0 160,277,208,324,0 
./data/dataset/train/628.jpg 104,367,152,414,0 328,221,400,292,0 
./data/dataset/train/629.jpg 128,183,224,277,0 245,3,313,70,0 314,326,374,385,0 
./data/dataset/train/630.jpg 10,311,71,368,0 278,185,338,244,0 
./data/dataset/train/631.jpg 211,69,263,120,0 122,244,194,315,0 
./data/dataset/train/632.jpg 294,252,402,358,0 110,82,210,180,0 
./data/dataset/train/633.jpg 182,84,258,159,0 82,311,152,376,0 
./data/dataset/train/634.jpg 30,44,130,142,0 161,242,244,319,0 247,339,325,412,0 
./data/dataset/train/635.jpg 17,120,113,214,0 325,324,395,389,0 146,221,242,315,0 
./data/dataset/train/636.jpg 245,269,359,375,0 
./data/dataset/train/637.jpg 251,211,303,259,0 122,105,214,195,0 
./data/dataset/train/638.jpg 256,251,368,361,0 142,37,198,90,0 
./data/dataset/train/639.jpg 171,20,279,126,0 302,231,406,333,0 
./data/dataset/train/640.jpg 149,120,233,202,0 329,239,413,321,0 
./data/dataset/train/641.jpg 88,155,176,241,0 204,69,274,134,0 352,253,412,312,0 
./data/dataset/train/642.jpg 173,91,234,148,0 26,277,110,359,0 241,10,301,69,0 
./data/dataset/train/643.jpg 211,135,263,183,0 21,30,69,74,0 273,246,377,348,0 
./data/dataset/train/644.jpg 172,350,216,393,0 52,81,113,138,0 295,220,391,314,0 
./data/dataset/train/645.jpg 131,282,258,401,0 63,189,123,248,0 
./data/dataset/train/646.jpg 38,204,159,322,0 242,127,316,196,0 
./data/dataset/train/647.jpg 174,87,254,166,0 315,320,387,391,0 
./data/dataset/train/648.jpg 273,333,338,394,0 18,13,134,127,0 
./data/dataset/train/649.jpg 261,288,344,365,0 1,175,101,273,0 
./data/dataset/train/650.jpg 23,68,79,123,0 287,313,383,407,0 151,186,283,309,0 
./data/dataset/train/651.jpg 331,302,383,353,0 28,185,129,279,0 235,83,303,150,0 
./data/dataset/train/652.jpg 15,67,129,173,0 130,309,226,403,0 
./data/dataset/train/653.jpg 9,284,123,390,0 291,147,387,237,0 
./data/dataset/train/654.jpg 121,54,213,144,0 233,171,309,246,0 
./data/dataset/train/655.jpg 50,247,177,366,0 203,49,295,139,0 
./data/dataset/train/656.jpg 51,237,107,292,0 258,335,330,406,0 159,115,233,184,0 
./data/dataset/train/657.jpg 199,52,283,134,0 297,255,411,361,0 
./data/dataset/train/658.jpg 87,201,139,249,0 292,66,352,125,0 143,318,239,408,0 
./data/dataset/train/659.jpg 290,225,364,294,0 201,125,279,198,0 81,300,189,406,0 
./data/dataset/train/660.jpg 26,129,131,227,0 300,331,364,394,0 
./data/dataset/train/661.jpg 127,233,183,288,0 242,54,343,148,0 
./data/dataset/train/662.jpg 263,113,331,180,0 190,20,258,87,0 28,269,137,371,0 
./data/dataset/train/663.jpg 170,59,266,149,0 
./data/dataset/train/664.jpg 61,183,161,281,0 251,70,355,172,0 
./data/dataset/train/665.jpg 71,309,143,380,0 266,79,358,165,0 
./data/dataset/train/666.jpg 47,36,163,150,0 240,266,305,327,0 
./data/dataset/train/667.jpg 233,141,325,231,0 40,232,156,346,0 
./data/dataset/train/668.jpg 190,81,278,167,0 62,168,126,231,0 351,345,415,408,0 
./data/dataset/train/669.jpg 61,106,179,216,0 260,295,348,381,0 
./data/dataset/train/670.jpg 140,260,212,331,0 222,140,282,199,0 
./data/dataset/train/671.jpg 78,104,134,159,0 280,283,407,402,0 194,207,254,266,0 
./data/dataset/train/672.jpg 263,217,355,307,0 35,48,99,111,0 
./data/dataset/train/673.jpg 292,41,380,127,0 154,234,222,301,0 30,364,78,411,0 
./data/dataset/train/674.jpg 15,273,59,316,0 355,6,415,65,0 182,76,314,199,0 
./data/dataset/train/675.jpg 26,7,127,101,0 268,120,344,195,0 
./data/dataset/train/676.jpg 112,239,204,325,0 308,87,408,185,0 
./data/dataset/train/677.jpg 338,232,386,279,0 73,329,165,415,0 
./data/dataset/train/678.jpg 28,116,108,195,0 231,255,318,336,0 341,39,389,83,0 
./data/dataset/train/679.jpg 246,88,310,151,0 84,156,132,203,0 
./data/dataset/train/680.jpg 210,122,322,232,0 80,40,145,101,0 
./data/dataset/train/681.jpg 273,180,341,247,0 156,252,228,323,0 18,41,110,131,0 
./data/dataset/train/682.jpg 185,330,261,405,0 5,151,117,261,0 275,52,375,150,0 
./data/dataset/train/683.jpg 4,305,96,395,0 284,181,356,252,0 128,68,204,143,0 
./data/dataset/train/684.jpg 263,320,324,377,0 128,6,204,81,0 
./data/dataset/train/685.jpg 282,23,356,92,0 100,149,188,235,0 218,272,274,325,0 
./data/dataset/train/686.jpg 118,286,230,396,0 13,207,57,250,0 
./data/dataset/train/687.jpg 167,93,232,154,0 26,237,74,284,0 300,330,361,387,0 
./data/dataset/train/688.jpg 89,230,205,344,0 306,137,382,212,0 
./data/dataset/train/689.jpg 69,284,117,328,0 292,122,408,236,0 178,347,234,402,0 
./data/dataset/train/690.jpg 118,230,170,278,0 7,90,115,196,0 234,312,282,359,0 
./data/dataset/train/691.jpg 143,286,215,357,0 304,201,382,274,0 
./data/dataset/train/692.jpg 109,20,196,101,0 350,111,398,158,0 215,294,303,380,0 
./data/dataset/train/693.jpg 196,116,268,187,0 50,210,159,312,0 295,24,371,99,0 
./data/dataset/train/694.jpg 329,108,381,156,0 180,320,224,363,0 
./data/dataset/train/695.jpg 175,62,223,106,0 95,351,159,414,0 
./data/dataset/train/696.jpg 36,138,112,213,0 219,252,287,319,0 
./data/dataset/train/697.jpg 84,348,148,411,0 153,118,209,173,0 
./data/dataset/train/698.jpg 64,287,148,369,0 319,49,387,116,0 237,3,285,47,0 
./data/dataset/train/699.jpg 187,77,231,120,0 331,192,407,267,0 
./data/dataset/train/700.jpg 10,279,80,344,0 247,3,343,97,0 
./data/dataset/train/701.jpg 305,149,349,192,0 120,297,180,356,0 
./data/dataset/train/702.jpg 191,221,300,323,0 68,347,128,406,0 336,139,410,208,0 
./data/dataset/train/703.jpg 58,75,142,157,0 184,201,276,291,0 
./data/dataset/train/704.jpg 27,314,119,404,0 310,183,370,242,0 163,28,235,99,0 
./data/dataset/train/705.jpg 323,28,397,97,0 164,251,234,316,0 
./data/dataset/train/706.jpg 162,58,274,168,0 317,247,409,337,0 
./data/dataset/train/707.jpg 280,334,363,411,0 162,50,218,105,0 37,206,85,253,0 
./data/dataset/train/708.jpg 257,86,344,167,0 48,201,153,299,0 
./data/dataset/train/709.jpg 194,174,274,253,0 319,96,395,171,0 
./data/dataset/train/710.jpg 48,80,136,166,0 
./data/dataset/train/711.jpg 134,13,255,131,0 303,319,395,405,0 
./data/dataset/train/712.jpg 10,300,110,398,0 297,150,373,225,0 
./data/dataset/train/713.jpg 271,284,319,331,0 30,48,114,130,0 155,338,207,389,0 
./data/dataset/train/714.jpg 224,331,311,412,0 78,121,122,164,0 
./data/dataset/train/715.jpg 19,209,103,291,0 307,317,394,398,0 106,119,174,186,0 
./data/dataset/train/716.jpg 278,265,343,326,0 156,335,200,378,0 96,206,148,257,0 
./data/dataset/train/717.jpg 50,266,138,352,0 329,31,399,96,0 176,166,256,245,0 
./data/dataset/train/718.jpg 280,109,376,203,0 123,241,223,339,0 
./data/dataset/train/719.jpg 7,319,71,382,0 168,33,276,139,0 
./data/dataset/train/720.jpg 235,322,313,395,0 98,158,154,213,0 
./data/dataset/train/721.jpg 200,97,327,216,0 101,221,161,280,0 
./data/dataset/train/722.jpg 254,233,330,308,0 42,160,90,207,0 154,323,206,374,0 
./data/dataset/train/723.jpg 101,23,209,129,0 
./data/dataset/train/724.jpg 115,328,199,410,0 287,190,365,263,0 
./data/dataset/train/725.jpg 173,79,217,122,0 341,272,409,339,0 88,201,156,268,0 
./data/dataset/train/726.jpg 182,118,238,173,0 70,268,158,354,0 
./data/dataset/train/727.jpg 293,270,414,388,0 197,157,275,230,0 65,26,169,128,0 
./data/dataset/train/728.jpg 67,279,111,322,0 234,174,334,272,0 348,52,408,111,0 
./data/dataset/train/729.jpg 344,148,404,207,0 71,233,135,296,0 207,325,259,376,0 
./data/dataset/train/730.jpg 278,93,399,211,0 76,298,128,349,0 161,214,229,281,0 
./data/dataset/train/731.jpg 229,101,341,211,0 144,321,204,380,0 
./data/dataset/train/732.jpg 43,115,159,229,0 
./data/dataset/train/733.jpg 71,139,187,253,0 317,4,401,86,0 189,274,241,325,0 
./data/dataset/train/734.jpg 249,255,365,369,0 0,34,48,81,0 140,105,201,162,0 
./data/dataset/train/735.jpg 23,193,79,248,0 310,283,370,342,0 189,60,267,133,0 
./data/dataset/train/736.jpg 312,239,380,306,0 
./data/dataset/train/737.jpg 213,85,289,160,0 294,184,394,282,0 
./data/dataset/train/738.jpg 94,172,150,227,0 187,30,303,144,0 
./data/dataset/train/739.jpg 245,165,301,220,0 80,12,180,110,0 
./data/dataset/train/740.jpg 208,84,256,131,0 136,177,204,244,0 61,24,113,72,0 
./data/dataset/train/741.jpg 167,157,232,218,0 300,43,352,94,0 
./data/dataset/train/742.jpg 200,34,305,132,0 120,249,164,292,0 
./data/dataset/train/743.jpg 178,257,234,310,0 259,96,337,169,0 
./data/dataset/train/744.jpg 129,171,216,252,0 335,277,407,348,0 
./data/dataset/train/745.jpg 238,302,334,392,0 4,84,74,149,0 
./data/dataset/train/746.jpg 281,68,359,141,0 126,245,198,316,0 
./data/dataset/train/747.jpg 113,8,201,94,0 330,117,410,196,0 215,267,293,340,0 
./data/dataset/train/748.jpg 131,156,179,203,0 1,234,109,340,0 
./data/dataset/train/749.jpg 334,338,406,409,0 45,43,172,162,0 
./data/dataset/train/750.jpg 28,6,76,53,0 264,74,352,160,0 82,162,134,213,0 
./data/dataset/train/751.jpg 85,69,172,150,0 341,182,397,237,0 248,327,296,374,0 
./data/dataset/train/752.jpg 188,81,248,140,0 297,172,402,270,0 
./data/dataset/train/753.jpg 198,172,246,216,0 334,315,386,363,0 
./data/dataset/train/754.jpg 0,19,48,66,0 308,281,396,367,0 107,90,212,188,0 
./data/dataset/train/755.jpg 205,330,253,377,0 265,201,361,291,0 
./data/dataset/train/756.jpg 142,209,203,266,0 248,91,356,197,0 
./data/dataset/train/757.jpg 288,98,372,180,0 93,184,173,263,0 
./data/dataset/train/758.jpg 31,242,103,313,0 107,47,179,118,0 275,323,339,386,0 
./data/dataset/train/759.jpg 163,160,247,242,0 77,289,155,362,0 
./data/dataset/train/760.jpg 99,195,177,268,0 209,300,269,359,0 307,142,355,189,0 
./data/dataset/train/761.jpg 186,173,254,240,0 40,101,88,148,0 
./data/dataset/train/762.jpg 136,69,244,175,0 5,215,117,325,0 
./data/dataset/train/763.jpg 172,289,240,356,0 90,13,146,68,0 301,74,353,122,0 
./data/dataset/train/764.jpg 141,13,273,136,0 59,295,119,354,0 312,150,368,205,0 
./data/dataset/train/765.jpg 44,1,160,115,0 243,197,304,254,0 
./data/dataset/train/766.jpg 273,45,381,151,0 115,245,236,363,0 
./data/dataset/train/767.jpg 254,185,334,264,0 120,105,203,182,0 
./data/dataset/train/768.jpg 82,38,146,101,0 214,182,298,264,0 
./data/dataset/train/769.jpg 180,302,276,392,0 75,106,175,204,0 
./data/dataset/train/770.jpg 295,279,395,377,0 193,11,276,88,0 47,165,121,234,0 
./data/dataset/train/771.jpg 203,249,317,355,0 68,78,177,180,0 
./data/dataset/train/772.jpg 66,278,150,360,0 306,47,390,129,0 
./data/dataset/train/773.jpg 90,164,168,237,0 351,107,407,162,0 251,4,316,65,0 184,336,248,399,0 
./data/dataset/train/774.jpg 135,41,215,120,0 264,254,332,321,0 
./data/dataset/train/775.jpg 61,94,113,142,0 206,193,282,268,0 322,296,409,377,0 
./data/dataset/train/776.jpg 157,120,241,202,0 30,227,122,313,0 253,339,317,402,0 
./data/dataset/train/777.jpg 259,50,355,144,0 156,211,252,305,0 
./data/dataset/train/778.jpg 226,91,318,181,0 328,329,393,390,0 155,193,223,260,0 
./data/dataset/train/779.jpg 202,244,303,338,0 61,147,126,208,0 
./data/dataset/train/780.jpg 210,148,326,262,0 59,63,143,145,0 
./data/dataset/train/781.jpg 231,118,303,189,0 92,196,206,302,0 307,38,359,86,0 
./data/dataset/train/782.jpg 258,289,346,375,0 30,121,162,244,0 
./data/dataset/train/783.jpg 197,290,245,337,0 50,18,133,95,0 
./data/dataset/train/784.jpg 207,66,299,152,0 51,163,121,228,0 300,309,396,403,0 
./data/dataset/train/785.jpg 198,28,306,134,0 7,316,83,391,0 
./data/dataset/train/786.jpg 279,4,393,110,0 10,313,111,407,0 
./data/dataset/train/787.jpg 203,260,299,354,0 67,72,137,137,0 
./data/dataset/train/788.jpg 148,316,204,369,0 334,150,382,197,0 218,20,322,122,0 
./data/dataset/train/789.jpg 155,244,239,326,0 262,65,371,167,0 
./data/dataset/train/790.jpg 75,37,167,127,0 273,267,389,381,0 
./data/dataset/train/791.jpg 100,216,223,330,0 314,20,414,118,0 
./data/dataset/train/792.jpg 213,302,325,412,0 80,1,207,120,0 
./data/dataset/train/793.jpg 114,224,241,343,0 307,129,359,180,0 
./data/dataset/train/794.jpg 31,166,103,237,0 305,20,370,81,0 194,262,254,321,0 
./data/dataset/train/795.jpg 69,145,165,239,0 184,249,272,335,0 311,29,398,110,0 
./data/dataset/train/796.jpg 221,171,293,242,0 
./data/dataset/train/797.jpg 300,287,392,377,0 38,104,126,190,0 
./data/dataset/train/798.jpg 235,128,315,207,0 89,329,149,388,0 
./data/dataset/train/799.jpg 205,207,281,282,0 284,346,352,413,0 90,66,198,172,0 
./data/dataset/train/800.jpg 95,33,187,119,0 281,276,357,351,0 191,125,274,202,0 
./data/dataset/train/801.jpg 184,138,245,195,0 36,22,132,116,0 255,286,343,372,0 
./data/dataset/train/802.jpg 199,255,279,334,0 318,344,382,407,0 
./data/dataset/train/803.jpg 35,228,111,303,0 188,132,253,193,0 
./data/dataset/train/804.jpg 76,244,154,317,0 203,0,291,86,0 
./data/dataset/train/805.jpg 192,205,272,284,0 65,314,165,412,0 
./data/dataset/train/806.jpg 74,217,150,292,0 174,40,226,88,0 334,297,402,364,0 
./data/dataset/train/807.jpg 293,6,405,116,0 99,218,215,332,0 
./data/dataset/train/808.jpg 327,170,415,256,0 90,1,160,66,0 176,77,220,120,0 
./data/dataset/train/809.jpg 106,206,202,296,0 22,28,94,99,0 
./data/dataset/train/810.jpg 243,247,326,324,0 38,355,86,399,0 
./data/dataset/train/811.jpg 164,146,212,193,0 312,66,372,125,0 
./data/dataset/train/812.jpg 86,286,195,388,0 290,131,378,217,0 
./data/dataset/train/813.jpg 190,128,317,247,0 
./data/dataset/train/814.jpg 115,74,187,145,0 252,285,366,391,0 
./data/dataset/train/815.jpg 125,166,237,276,0 24,305,72,349,0 310,63,358,110,0 
./data/dataset/train/816.jpg 163,32,243,111,0 270,261,386,375,0 87,132,135,179,0 
./data/dataset/train/817.jpg 18,246,145,365,0 157,35,201,78,0 
./data/dataset/train/818.jpg 76,175,180,277,0 301,11,393,97,0 
./data/dataset/train/819.jpg 69,146,169,244,0 342,8,390,52,0 
./data/dataset/train/820.jpg 181,23,293,133,0 94,313,166,384,0 
./data/dataset/train/821.jpg 20,349,68,396,0 246,39,326,118,0 108,150,168,209,0 
./data/dataset/train/822.jpg 165,173,252,254,0 27,67,75,114,0 257,297,349,387,0 
./data/dataset/train/823.jpg 2,112,78,187,0 89,253,212,367,0 255,43,315,102,0 
./data/dataset/train/824.jpg 229,146,312,223,0 36,283,154,393,0 
./data/dataset/train/825.jpg 124,5,247,119,0 8,271,52,314,0 
./data/dataset/train/826.jpg 113,258,217,360,0 271,95,375,197,0 
./data/dataset/train/827.jpg 339,185,399,244,0 185,55,289,157,0 63,257,115,305,0 
./data/dataset/train/828.jpg 314,203,366,254,0 205,260,253,304,0 112,126,168,181,0 
./data/dataset/train/829.jpg 8,216,104,306,0 272,38,360,124,0 
./data/dataset/train/830.jpg 187,358,231,401,0 247,169,299,217,0 368,71,412,114,0 
./data/dataset/train/831.jpg 196,150,297,244,0 305,10,381,85,0 
./data/dataset/train/832.jpg 258,298,341,375,0 141,76,241,174,0 0,8,68,75,0 
./data/dataset/train/833.jpg 123,185,179,240,0 14,282,119,380,0 277,83,338,140,0 
./data/dataset/train/834.jpg 13,45,65,96,0 79,200,123,243,0 249,321,317,388,0 
./data/dataset/train/835.jpg 178,53,270,139,0 51,143,143,233,0 272,250,355,327,0 
./data/dataset/train/836.jpg 306,151,414,257,0 157,298,222,359,0 
./data/dataset/train/837.jpg 106,81,194,167,0 257,292,349,382,0 
./data/dataset/train/838.jpg 24,5,72,49,0 134,70,239,168,0 353,256,405,304,0 
./data/dataset/train/839.jpg 253,220,361,326,0 24,30,128,132,0 
./data/dataset/train/840.jpg 209,116,301,206,0 58,253,170,363,0 
./data/dataset/train/841.jpg 318,68,414,162,0 113,218,165,269,0 
./data/dataset/train/842.jpg 105,257,232,376,0 239,85,287,132,0 
./data/dataset/train/843.jpg 233,135,333,233,0 9,43,61,94,0 
./data/dataset/train/844.jpg 132,315,204,386,0 57,252,118,309,0 259,31,335,106,0 
./data/dataset/train/845.jpg 55,151,169,257,0 215,303,289,372,0 
./data/dataset/train/846.jpg 282,148,326,191,0 69,71,145,146,0 358,372,402,415,0 
./data/dataset/train/847.jpg 322,249,394,320,0 68,54,120,105,0 
./data/dataset/train/848.jpg 251,81,378,200,0 26,300,131,398,0 
./data/dataset/train/849.jpg 319,103,367,150,0 180,162,276,256,0 
./data/dataset/train/850.jpg 90,272,190,370,0 294,80,403,182,0 
./data/dataset/train/851.jpg 52,212,170,322,0 212,156,264,207,0 
./data/dataset/train/852.jpg 203,276,335,399,0 99,155,179,234,0 
./data/dataset/train/853.jpg 49,234,93,277,0 140,107,212,178,0 
./data/dataset/train/854.jpg 48,228,104,283,0 224,39,316,129,0 
./data/dataset/train/855.jpg 183,49,284,143,0 60,305,124,368,0 331,184,379,231,0 
./data/dataset/train/856.jpg 47,238,155,344,0 159,17,271,127,0 
./data/dataset/train/857.jpg 29,57,73,100,0 141,123,245,225,0 84,261,132,308,0 
./data/dataset/train/858.jpg 144,32,260,146,0 261,189,379,299,0 
./data/dataset/train/859.jpg 188,29,280,119,0 1,183,61,242,0 
./data/dataset/train/860.jpg 270,297,371,391,0 102,224,170,291,0 
./data/dataset/train/861.jpg 296,266,368,337,0 77,5,137,64,0 16,356,72,411,0 
./data/dataset/train/862.jpg 167,98,235,165,0 260,10,324,73,0 38,186,106,253,0 
./data/dataset/train/863.jpg 122,159,243,277,0 248,10,332,92,0 
./data/dataset/train/864.jpg 168,202,295,321,0 38,53,146,159,0 
./data/dataset/train/865.jpg 54,102,150,192,0 
./data/dataset/train/866.jpg 148,117,252,219,0 
./data/dataset/train/867.jpg 22,253,70,297,0 129,61,205,136,0 255,354,299,397,0 
./data/dataset/train/868.jpg 225,135,346,253,0 81,262,133,313,0 
./data/dataset/train/869.jpg 119,76,220,170,0 254,173,346,263,0 
./data/dataset/train/870.jpg 187,12,305,122,0 77,331,133,384,0 
./data/dataset/train/871.jpg 29,61,150,179,0 287,217,359,288,0 
./data/dataset/train/872.jpg 43,54,95,102,0 219,188,328,290,0 
./data/dataset/train/873.jpg 24,204,133,306,0 178,72,287,174,0 
./data/dataset/train/874.jpg 21,263,117,357,0 209,149,281,220,0 
./data/dataset/train/875.jpg 92,18,188,108,0 234,211,350,325,0 
./data/dataset/train/876.jpg 261,75,333,146,0 24,195,129,293,0 
./data/dataset/train/877.jpg 138,245,238,343,0 288,105,409,223,0 
./data/dataset/train/878.jpg 181,153,229,200,0 321,40,413,126,0 
./data/dataset/train/879.jpg 205,71,292,152,0 81,202,202,320,0 
./data/dataset/train/880.jpg 214,248,266,296,0 295,97,360,158,0 73,200,121,247,0 
./data/dataset/train/881.jpg 42,241,126,323,0 278,126,330,177,0 
./data/dataset/train/882.jpg 14,132,110,222,0 231,280,303,351,0 
./data/dataset/train/883.jpg 65,112,109,155,0 250,268,362,378,0 
./data/dataset/train/884.jpg 109,295,173,358,0 296,19,405,121,0 
./data/dataset/train/885.jpg 356,336,400,379,0 159,214,277,324,0 0,45,105,143,0 
./data/dataset/train/886.jpg 241,190,362,308,0 142,12,214,83,0 
./data/dataset/train/887.jpg 193,214,253,273,0 97,77,177,156,0 
./data/dataset/train/888.jpg 286,110,362,185,0 66,17,118,65,0 
./data/dataset/train/889.jpg 217,150,313,244,0 3,275,107,377,0 139,34,195,89,0 
./data/dataset/train/890.jpg 21,354,69,401,0 250,234,318,301,0 95,121,151,176,0 
./data/dataset/train/891.jpg 137,56,181,99,0 307,168,411,270,0 
./data/dataset/train/892.jpg 99,48,231,171,0 322,211,402,290,0 
./data/dataset/train/893.jpg 44,254,100,309,0 216,138,300,220,0 
./data/dataset/train/894.jpg 126,304,191,365,0 233,218,281,265,0 14,10,102,96,0 
./data/dataset/train/895.jpg 71,312,123,360,0 286,62,407,180,0 207,195,259,243,0 
./data/dataset/train/896.jpg 164,234,256,324,0 309,107,385,182,0 37,326,113,401,0 
./data/dataset/train/897.jpg 173,222,221,266,0 293,77,357,140,0 
./data/dataset/train/898.jpg 111,195,163,246,0 261,249,345,331,0 
./data/dataset/train/899.jpg 199,79,263,142,0 328,202,411,279,0 55,309,115,368,0 
./data/dataset/train/900.jpg 146,117,254,223,0 49,360,105,415,0 
./data/dataset/train/901.jpg 163,159,271,265,0 20,20,129,122,0 
./data/dataset/train/902.jpg 200,221,276,296,0 105,1,153,48,0 365,82,409,125,0 
./data/dataset/train/903.jpg 140,168,192,216,0 1,322,81,401,0 210,27,297,108,0 353,261,405,312,0 
./data/dataset/train/904.jpg 115,100,227,210,0 6,242,70,305,0 
./data/dataset/train/905.jpg 165,73,249,155,0 255,190,333,263,0 
./data/dataset/train/906.jpg 34,340,90,393,0 223,60,319,154,0 
./data/dataset/train/907.jpg 358,102,406,146,0 247,291,323,366,0 69,162,173,264,0 
./data/dataset/train/908.jpg 188,153,244,208,0 80,282,172,368,0 304,43,374,108,0 
./data/dataset/train/909.jpg 187,231,296,333,0 2,13,118,127,0 
./data/dataset/train/910.jpg 129,273,252,387,0 281,12,385,114,0 
./data/dataset/train/911.jpg 18,72,70,120,0 170,136,254,218,0 270,292,370,390,0 
./data/dataset/train/912.jpg 291,303,355,366,0 4,175,76,246,0 151,75,251,173,0 
./data/dataset/train/913.jpg 147,138,251,240,0 299,21,369,86,0 
./data/dataset/train/914.jpg 338,281,414,356,0 133,164,249,278,0 
./data/dataset/train/915.jpg 35,84,143,190,0 246,274,378,397,0 
./data/dataset/train/916.jpg 316,325,380,388,0 120,230,204,312,0 
./data/dataset/train/917.jpg 288,77,344,132,0 167,143,223,198,0 
./data/dataset/train/918.jpg 233,297,354,415,0 124,171,192,238,0 
./data/dataset/train/919.jpg 207,147,277,212,0 318,278,410,368,0 
./data/dataset/train/920.jpg 214,256,326,366,0 92,103,196,205,0 
./data/dataset/train/921.jpg 111,314,216,412,0 288,189,400,299,0 
./data/dataset/train/922.jpg 78,220,138,279,0 246,106,306,165,0 179,330,223,373,0 
./data/dataset/train/923.jpg 69,271,169,369,0 204,90,268,153,0 
./data/dataset/train/924.jpg 35,253,83,300,0 127,63,195,130,0 238,150,325,231,0 
./data/dataset/train/925.jpg 51,48,116,109,0 274,155,390,269,0 
./data/dataset/train/926.jpg 188,110,268,189,0 87,293,171,375,0 
./data/dataset/train/927.jpg 312,324,372,383,0 191,69,283,155,0 
./data/dataset/train/928.jpg 84,88,152,155,0 162,262,266,364,0 
./data/dataset/train/929.jpg 125,223,208,300,0 10,340,74,403,0 212,36,312,134,0 
./data/dataset/train/930.jpg 174,326,235,383,0 2,51,106,153,0 344,241,392,285,0 
./data/dataset/train/931.jpg 175,268,287,378,0 46,95,162,209,0 301,21,373,92,0 
./data/dataset/train/932.jpg 37,279,141,381,0 241,214,297,267,0 
./data/dataset/train/933.jpg 265,228,309,271,0 117,83,233,197,0 10,281,110,379,0 
./data/dataset/train/934.jpg 286,65,342,120,0 124,223,176,271,0 215,357,271,412,0 
./data/dataset/train/935.jpg 144,13,192,57,0 253,103,323,168,0 
./data/dataset/train/936.jpg 315,58,407,144,0 112,311,200,397,0 
./data/dataset/train/937.jpg 158,123,258,221,0 29,44,85,97,0 260,239,356,333,0 
./data/dataset/train/938.jpg 6,311,98,401,0 171,108,267,202,0 
./data/dataset/train/939.jpg 128,185,244,299,0 57,337,122,398,0 
./data/dataset/train/940.jpg 108,239,156,286,0 162,346,218,401,0 39,100,95,153,0 
./data/dataset/train/941.jpg 78,131,165,212,0 217,332,261,375,0 277,248,338,305,0 
./data/dataset/train/942.jpg 25,97,81,152,0 119,227,211,313,0 366,46,410,89,0 
./data/dataset/train/943.jpg 284,88,372,174,0 61,316,109,363,0 
./data/dataset/train/944.jpg 207,132,271,195,0 113,23,174,80,0 274,215,375,309,0 
./data/dataset/train/945.jpg 18,25,74,80,0 172,368,220,412,0 
./data/dataset/train/946.jpg 91,84,179,170,0 189,288,294,386,0 
./data/dataset/train/947.jpg 100,12,188,98,0 200,171,292,261,0 307,282,411,384,0 
./data/dataset/train/948.jpg 118,237,205,318,0 293,179,337,222,0 
./data/dataset/train/949.jpg 306,136,384,209,0 50,262,142,352,0 156,34,208,82,0 
./data/dataset/train/950.jpg 118,87,218,185,0 344,274,400,327,0 
./data/dataset/train/951.jpg 56,338,121,399,0 209,29,279,94,0 291,255,359,322,0 
./data/dataset/train/952.jpg 347,287,415,354,0 228,28,328,126,0 119,167,187,234,0 
./data/dataset/train/953.jpg 270,264,366,358,0 87,359,131,402,0 
./data/dataset/train/954.jpg 217,10,273,65,0 345,101,413,168,0 
./data/dataset/train/955.jpg 271,85,372,179,0 57,277,173,391,0 
./data/dataset/train/956.jpg 90,218,186,312,0 4,164,56,215,0 249,6,367,116,0 
./data/dataset/train/957.jpg 144,280,271,399,0 328,190,412,272,0 
./data/dataset/train/958.jpg 247,311,335,397,0 109,68,227,178,0 
./data/dataset/train/959.jpg 73,28,143,93,0 195,217,279,299,0 
./data/dataset/train/960.jpg 313,71,393,150,0 64,179,136,250,0 
./data/dataset/train/961.jpg 107,101,183,176,0 239,265,313,334,0 
./data/dataset/train/962.jpg 234,42,322,128,0 38,139,150,249,0 
./data/dataset/train/963.jpg 227,158,339,268,0 24,48,125,142,0 
./data/dataset/train/964.jpg 140,158,252,268,0 285,33,406,151,0 65,301,135,366,0 
./data/dataset/train/965.jpg 146,93,198,144,0 283,200,384,294,0 64,308,136,379,0 
./data/dataset/train/966.jpg 83,166,171,252,0 287,259,339,310,0 346,72,402,127,0 
./data/dataset/train/967.jpg 126,244,247,362,0 297,28,393,122,0 
./data/dataset/train/968.jpg 124,59,202,132,0 24,133,112,219,0 
./data/dataset/train/969.jpg 80,198,184,300,0 202,79,307,177,0 
./data/dataset/train/970.jpg 219,282,328,384,0 90,148,198,254,0 
./data/dataset/train/971.jpg 210,157,297,238,0 93,37,173,116,0 
./data/dataset/train/972.jpg 118,255,210,345,0 221,38,299,111,0 302,122,410,228,0 
./data/dataset/train/973.jpg 301,42,357,97,0 130,130,182,178,0 
./data/dataset/train/974.jpg 57,229,133,304,0 185,91,306,209,0 
./data/dataset/train/975.jpg 266,2,340,71,0 167,278,211,321,0 80,201,154,270,0 
./data/dataset/train/976.jpg 284,199,400,313,0 115,21,193,94,0 
./data/dataset/train/977.jpg 69,116,190,234,0 286,293,407,411,0 
./data/dataset/train/978.jpg 346,298,398,349,0 44,142,128,224,0 
./data/dataset/train/979.jpg 3,120,107,222,0 135,289,253,399,0 
./data/dataset/train/980.jpg 208,340,260,388,0 371,215,415,258,0 53,22,125,93,0 
./data/dataset/train/981.jpg 103,244,171,311,0 13,16,69,69,0 330,324,386,377,0 
./data/dataset/train/982.jpg 316,81,392,156,0 242,315,302,374,0 141,18,189,65,0 
./data/dataset/train/983.jpg 213,102,305,188,0 69,323,125,376,0 
./data/dataset/train/984.jpg 291,79,396,177,0 53,342,121,409,0 
./data/dataset/train/985.jpg 87,110,205,220,0 314,351,358,394,0 5,287,61,340,0 
./data/dataset/train/986.jpg 271,129,315,172,0 99,196,217,306,0 13,349,61,393,0 
./data/dataset/train/987.jpg 243,99,323,178,0 160,275,240,354,0 61,23,125,86,0 
./data/dataset/train/988.jpg 246,97,362,211,0 13,289,97,371,0 
./data/dataset/train/989.jpg 59,316,151,406,0 273,255,325,306,0 
./data/dataset/train/990.jpg 238,110,343,208,0 105,278,173,345,0 
./data/dataset/train/991.jpg 31,160,115,242,0 243,13,287,56,0 294,80,346,131,0 
./data/dataset/train/992.jpg 290,223,362,294,0 177,72,289,182,0 
./data/dataset/train/993.jpg 248,25,332,107,0 106,331,193,412,0 
./data/dataset/train/994.jpg 342,21,398,76,0 206,193,329,307,0 
./data/dataset/train/995.jpg 281,266,365,348,0 213,166,261,210,0 
./data/dataset/train/996.jpg 151,122,207,177,0 208,210,269,267,0 48,347,112,410,0 
./data/dataset/train/997.jpg 213,44,301,130,0 1,230,71,295,0 
./data/dataset/train/998.jpg 56,270,164,376,0 
./data/dataset/train/999.jpg 249,283,293,326,0 68,78,176,184,0 336,3,380,46,0 
